12.0
12.0
12.0
12.0
12.0
12.0
12.0
12.0
12.0
12.0
12.0
12.0
12.0
12.0
12.0
12.0
12.0
12.0
12.0
12.0
12.0
12.0
12.0
12.0
12.0
12.0
12.0
12.0
12.0
12.0
12.0
0.0
0.0
0.0
0.0
4.0
6.0
4.0
4.0
3.0
4.0
6.0
5.0
5.0
6.0
6.0
5.0
7.0
6.0
7.0
7.0
8.0
6.0
7.0
9.0
9.0
8.0
9.0
7.0
7.0
7.0
8.0
10.0
11.0
12.0
12.0
10.0
10.0
11.0
11.0
11.0
11.0
10.0
13.0
15.0
15.0
13.0
14.0
15.0
15.0
16.0
16.0
15.0
15.0
15.0
15.0
15.0
15.0
15.0
16.0
16.0
17.0
16.0
16.0
16.0
18.0
17.0
18.0
19.0
18.0
19.0
19.0
17.0
18.0
17.0
18.0
19.0
19.0
20.0
19.0
19.0
19.0
19.0
22.0
25.0
29.0
30.0
31.0
31.0
32.0
34.0
34.0
34.0
36.0
38.0
40.0
59.0
120.0
166.0
229.0
277.0
303.0
327.0
342.0
344.0
332.0
305.0
269.0
215.0
186.0
151.0
125.0
106.0
93.0
81.0
72.0
64.0
58.0
56.0
54.0
53.0
50.0
50.0
