10.0
10.0
10.0
10.0
10.0
10.0
10.0
10.0
10.0
10.0
10.0
10.0
10.0
10.0
10.0
10.0
10.0
10.0
10.0
10.0
10.0
10.0
10.0
10.0
10.0
10.0
10.0
10.0
0.0
1.0
5.0
7.0
6.0
8.0
7.0
7.0
8.0
9.0
9.0
11.0
9.0
10.0
10.0
8.0
8.0
7.0
6.0
8.0
8.0
8.0
9.0
9.0
9.0
9.0
10.0
10.0
9.0
10.0
10.0
10.0
9.0
11.0
10.0
9.0
11.0
11.0
11.0
11.0
11.0
12.0
13.0
15.0
14.0
14.0
16.0
16.0
16.0
15.0
16.0
16.0
16.0
17.0
17.0
16.0
18.0
18.0
18.0
17.0
17.0
18.0
18.0
18.0
18.0
20.0
21.0
20.0
19.0
20.0
20.0
19.0
19.0
19.0
19.0
20.0
21.0
20.0
21.0
22.0
22.0
24.0
31.0
33.0
34.0
35.0
36.0
35.0
37.0
38.0
40.0
42.0
47.0
88.0
155.0
221.0
262.0
299.0
331.0
345.0
344.0
329.0
294.0
266.0
237.0
230.0
228.0
232.0
245.0
248.0
250.0
252.0
249.0
245.0
243.0
237.0
231.0
226.0
220.0
210.0
207.0
212.0
209.0
210.0
212.0
212.0
213.0
211.0
206.0
202.0
199.0
209.0
205.0
203.0
188.0
166.0
139.0
111.0
94.0
