10.0
10.0
10.0
10.0
10.0
10.0
10.0
10.0
10.0
10.0
10.0
10.0
10.0
10.0
10.0
10.0
10.0
10.0
10.0
10.0
10.0
10.0
10.0
10.0
10.0
10.0
10.0
10.0
10.0
10.0
10.0
10.0
10.0
10.0
10.0
0.0
1.0
7.0
3.0
6.0
9.0
10.0
10.0
10.0
10.0
11.0
10.0
10.0
12.0
13.0
13.0
12.0
12.0
14.0
14.0
13.0
12.0
15.0
18.0
21.0
22.0
23.0
24.0
23.0
22.0
24.0
24.0
27.0
29.0
30.0
34.0
83.0
164.0
241.0
277.0
267.0
200.0
157.0
109.0
85.0
64.0
54.0
48.0
42.0
42.0
38.0
36.0
36.0
38.0
39.0
40.0
41.0
41.0
40.0
42.0
46.0
74.0
143.0
213.0
268.0
292.0
318.0
337.0
335.0
302.0
237.0
161.0
102.0
80.0
68.0
60.0
91.0
156.0
223.0
274.0
322.0
324.0
273.0
198.0
147.0
120.0
81.0
68.0
68.0
105.0
182.0
248.0
287.0
314.0
299.0
213.0
156.0
126.0
92.0
73.0
62.0
56.0
51.0
47.0
47.0
47.0
45.0
45.0
46.0
45.0
47.0
48.0
48.0
48.0
47.0
45.0
45.0
45.0
45.0
42.0
41.0
35.0
29.0
26.0
20.0
17.0
14.0
12.0
