6.0
6.0
6.0
6.0
6.0
6.0
6.0
6.0
6.0
6.0
6.0
6.0
6.0
6.0
6.0
6.0
6.0
6.0
6.0
6.0
6.0
6.0
6.0
6.0
6.0
6.0
6.0
6.0
6.0
6.0
6.0
6.0
6.0
6.0
6.0
6.0
2.0
2.0
1.0
6.0
7.0
7.0
7.0
6.0
7.0
8.0
8.0
7.0
6.0
7.0
8.0
8.0
8.0
8.0
9.0
8.0
10.0
11.0
13.0
11.0
12.0
13.0
14.0
15.0
15.0
14.0
13.0
15.0
16.0
16.0
16.0
17.0
16.0
17.0
16.0
17.0
19.0
20.0
20.0
22.0
20.0
21.0
23.0
24.0
25.0
26.0
29.0
30.0
34.0
66.0
137.0
229.0
282.0
314.0
327.0
324.0
294.0
218.0
125.0
85.0
66.0
55.0
48.0
44.0
41.0
40.0
39.0
38.0
39.0
36.0
39.0
41.0
38.0
39.0
41.0
41.0
42.0
45.0
55.0
124.0
196.0
255.0
294.0
325.0
342.0
345.0
330.0
272.0
197.0
136.0
105.0
85.0
68.0
62.0
90.0
157.0
229.0
282.0
317.0
322.0
286.0
208.0
132.0
108.0
81.0
69.0
75.0
116.0
188.0
252.0
297.0
330.0
345.0
339.0
286.0
227.0
166.0
108.0
91.0
73.0
63.0
55.0
54.0
50.0
49.0
48.0
46.0
47.0
46.0
45.0
45.0
44.0
46.0
46.0
46.0
44.0
46.0
46.0
46.0
47.0
47.0
49.0
52.0
51.0
66.0
99.0
109.0
120.0
92.0
63.0
49.0
40.0
32.0
