12.0
12.0
12.0
12.0
12.0
12.0
12.0
12.0
12.0
12.0
12.0
12.0
12.0
12.0
12.0
12.0
12.0
12.0
12.0
12.0
12.0
12.0
12.0
12.0
12.0
12.0
12.0
12.0
12.0
12.0
12.0
12.0
12.0
12.0
10.0
0.0
2.0
7.0
4.0
6.0
10.0
11.0
11.0
11.0
11.0
11.0
12.0
11.0
12.0
12.0
12.0
13.0
12.0
11.0
12.0
12.0
13.0
13.0
12.0
11.0
11.0
11.0
11.0
13.0
13.0
14.0
14.0
14.0
13.0
14.0
13.0
13.0
14.0
15.0
18.0
16.0
17.0
17.0
17.0
17.0
18.0
17.0
18.0
20.0
20.0
21.0
22.0
23.0
27.0
43.0
110.0
196.0
259.0
307.0
337.0
342.0
271.0
175.0
128.0
88.0
62.0
53.0
42.0
