13.0
13.0
13.0
13.0
13.0
13.0
13.0
13.0
13.0
13.0
13.0
13.0
13.0
13.0
13.0
13.0
13.0
13.0
13.0
13.0
13.0
13.0
13.0
13.0
13.0
13.0
13.0
13.0
13.0
13.0
0.0
3.0
5.0
3.0
7.0
6.0
8.0
7.0
9.0
10.0
10.0
7.0
7.0
8.0
9.0
11.0
12.0
12.0
11.0
11.0
12.0
14.0
17.0
21.0
20.0
23.0
49.0
120.0
232.0
272.0
311.0
319.0
258.0
183.0
132.0
100.0
65.0
51.0
45.0
41.0
35.0
34.0
33.0
33.0
34.0
34.0
33.0
35.0
37.0
36.0
37.0
49.0
97.0
190.0
250.0
309.0
326.0
324.0
275.0
195.0
134.0
102.0
73.0
63.0
120.0
196.0
254.0
299.0
326.0
289.0
216.0
136.0
104.0
79.0
61.0
55.0
100.0
170.0
261.0
300.0
335.0
334.0
278.0
204.0
137.0
90.0
69.0
55.0
46.0
44.0
42.0
43.0
38.0
39.0
38.0
37.0
35.0
36.0
36.0
36.0
35.0
35.0
34.0
34.0
33.0
32.0
