12.0
12.0
12.0
12.0
12.0
12.0
12.0
12.0
12.0
12.0
12.0
12.0
12.0
12.0
12.0
12.0
12.0
12.0
12.0
12.0
12.0
12.0
12.0
12.0
12.0
12.0
12.0
12.0
12.0
12.0
12.0
12.0
12.0
12.0
12.0
0.0
3.0
1.0
1.0
5.0
6.0
7.0
9.0
10.0
10.0
9.0
8.0
8.0
6.0
8.0
9.0
9.0
8.0
10.0
8.0
8.0
10.0
10.0
10.0
11.0
11.0
11.0
11.0
9.0
10.0
11.0
9.0
8.0
9.0
9.0
9.0
9.0
8.0
9.0
13.0
14.0
14.0
13.0
14.0
14.0
14.0
15.0
15.0
16.0
17.0
18.0
18.0
19.0
21.0
21.0
22.0
23.0
26.0
31.0
51.0
119.0
195.0
258.0
325.0
338.0
353.0
348.0
318.0
249.0
177.0
130.0
85.0
66.0
53.0
46.0
40.0
38.0
37.0
37.0
34.0
33.0
31.0
34.0
35.0
35.0
37.0
36.0
37.0
37.0
37.0
36.0
35.0
36.0
40.0
42.0
76.0
133.0
202.0
262.0
302.0
325.0
342.0
324.0
277.0
209.0
152.0
123.0
90.0
70.0
59.0
53.0
49.0
48.0
65.0
128.0
212.0
251.0
295.0
320.0
260.0
187.0
138.0
79.0
68.0
98.0
154.0
215.0
277.0
295.0
252.0
166.0
114.0
88.0
66.0
53.0
42.0
34.0
