7.0
7.0
7.0
7.0
7.0
7.0
7.0
7.0
7.0
7.0
7.0
7.0
7.0
7.0
7.0
7.0
7.0
7.0
7.0
7.0
7.0
7.0
7.0
7.0
7.0
7.0
7.0
7.0
7.0
7.0
7.0
7.0
7.0
7.0
0.0
0.0
1.0
2.0
2.0
2.0
2.0
4.0
4.0
4.0
5.0
4.0
4.0
4.0
3.0
3.0
5.0
4.0
3.0
4.0
4.0
4.0
4.0
3.0
5.0
6.0
6.0
6.0
7.0
6.0
6.0
5.0
7.0
7.0
7.0
7.0
6.0
7.0
6.0
7.0
8.0
8.0
7.0
8.0
10.0
8.0
8.0
10.0
12.0
10.0
12.0
12.0
11.0
13.0
14.0
14.0
15.0
16.0
16.0
16.0
17.0
16.0
16.0
18.0
17.0
19.0
19.0
20.0
21.0
20.0
21.0
21.0
22.0
23.0
22.0
22.0
22.0
21.0
23.0
23.0
25.0
26.0
25.0
27.0
27.0
29.0
30.0
33.0
36.0
49.0
99.0
171.0
234.0
286.0
323.0
337.0
350.0
356.0
334.0
273.0
194.0
131.0
107.0
73.0
59.0
51.0
50.0
47.0
46.0
45.0
44.0
43.0
43.0
44.0
42.0
42.0
43.0
44.0
44.0
47.0
49.0
52.0
110.0
182.0
286.0
316.0
334.0
300.0
227.0
180.0
135.0
106.0
83.0
68.0
65.0
92.0
150.0
213.0
271.0
305.0
321.0
326.0
297.0
241.0
177.0
135.0
106.0
85.0
72.0
62.0
59.0
59.0
84.0
134.0
200.0
258.0
296.0
313.0
294.0
250.0
169.0
136.0
93.0
78.0
61.0
54.0
53.0
49.0
48.0
48.0
47.0
46.0
46.0
44.0
40.0
39.0
36.0
34.0
30.0
