8.0
8.0
8.0
8.0
8.0
8.0
8.0
8.0
8.0
8.0
8.0
8.0
8.0
8.0
8.0
8.0
8.0
8.0
8.0
8.0
8.0
8.0
8.0
8.0
8.0
8.0
8.0
8.0
8.0
8.0
8.0
8.0
8.0
8.0
8.0
0.0
4.0
6.0
4.0
8.0
8.0
9.0
7.0
10.0
11.0
11.0
12.0
12.0
10.0
11.0
10.0
11.0
12.0
12.0
13.0
13.0
12.0
13.0
13.0
14.0
15.0
15.0
13.0
13.0
16.0
14.0
15.0
16.0
18.0
19.0
22.0
24.0
23.0
25.0
28.0
27.0
31.0
54.0
158.0
231.0
282.0
314.0
331.0
338.0
286.0
204.0
160.0
110.0
83.0
59.0
49.0
44.0
42.0
39.0
38.0
37.0
38.0
38.0
40.0
39.0
41.0
45.0
61.0
154.0
212.0
283.0
312.0
327.0
286.0
206.0
139.0
107.0
77.0
66.0
104.0
159.0
241.0
298.0
326.0
332.0
298.0
224.0
162.0
121.0
79.0
65.0
63.0
103.0
197.0
257.0
301.0
326.0
330.0
290.0
193.0
141.0
107.0
81.0
60.0
52.0
44.0
41.0
38.0
36.0
37.0
35.0
34.0
32.0
