12.0
12.0
12.0
12.0
12.0
12.0
12.0
12.0
12.0
12.0
12.0
12.0
12.0
12.0
12.0
12.0
12.0
12.0
12.0
12.0
12.0
12.0
12.0
12.0
2.0
1.0
9.0
9.0
10.0
12.0
12.0
10.0
11.0
12.0
11.0
10.0
11.0
11.0
10.0
10.0
12.0
11.0
12.0
11.0
11.0
12.0
14.0
11.0
11.0
11.0
11.0
10.0
11.0
9.0
10.0
10.0
12.0
11.0
12.0
12.0
11.0
12.0
11.0
12.0
12.0
10.0
11.0
10.0
11.0
10.0
11.0
10.0
12.0
12.0
12.0
10.0
10.0
11.0
11.0
11.0
10.0
11.0
11.0
11.0
12.0
12.0
12.0
10.0
11.0
10.0
12.0
9.0
10.0
12.0
10.0
13.0
11.0
10.0
12.0
13.0
11.0
11.0
11.0
14.0
11.0
11.0
10.0
11.0
11.0
12.0
12.0
12.0
14.0
14.0
12.0
11.0
10.0
11.0
10.0
13.0
11.0
10.0
11.0
10.0
11.0
10.0
11.0
10.0
11.0
9.0
9.0
9.0
8.0
10.0
10.0
11.0
11.0
11.0
10.0
10.0
10.0
12.0
11.0
10.0
11.0
10.0
12.0
14.0
14.0
13.0
12.0
11.0
13.0
14.0
13.0
12.0
14.0
15.0
13.0
14.0
15.0
16.0
16.0
17.0
17.0
18.0
19.0
19.0
19.0
19.0
20.0
20.0
22.0
20.0
21.0
21.0
21.0
20.0
21.0
21.0
22.0
24.0
24.0
25.0
27.0
26.0
27.0
28.0
27.0
29.0
31.0
29.0
29.0
29.0
31.0
34.0
33.0
35.0
34.0
29.0
26.0
23.0
19.0
17.0
15.0
16.0
14.0
14.0
12.0
15.0
12.0
12.0
12.0
13.0
12.0
11.0
11.0
14.0
12.0
12.0
10.0
11.0
11.0
10.0
11.0
11.0
11.0
11.0
13.0
13.0
11.0
13.0
12.0
12.0
12.0
13.0
13.0
11.0
11.0
11.0
11.0
10.0
10.0
14.0
12.0
13.0
13.0
14.0
12.0
12.0
12.0
13.0
13.0
12.0
12.0
12.0
12.0
11.0
12.0
11.0
11.0
12.0
13.0
12.0
10.0
11.0
12.0
12.0
13.0
12.0
13.0
12.0
11.0
9.0
11.0
11.0
11.0
12.0
11.0
12.0
10.0
11.0
9.0
11.0
11.0
12.0
12.0
12.0
13.0
11.0
12.0
11.0
11.0
12.0
12.0
10.0
9.0
12.0
11.0
13.0
12.0
11.0
11.0
8.0
9.0
11.0
13.0
10.0
10.0
11.0
11.0
12.0
12.0
10.0
12.0
10.0
11.0
11.0
10.0
9.0
8.0
10.0
12.0
11.0
10.0
11.0
12.0
10.0
10.0
12.0
11.0
8.0
12.0
13.0
13.0
12.0
13.0
12.0
11.0
12.0
11.0
11.0
11.0
11.0
12.0
13.0
11.0
12.0
11.0
11.0
12.0
13.0
13.0
14.0
13.0
12.0
11.0
12.0
11.0
13.0
12.0
13.0
12.0
12.0
13.0
13.0
12.0
12.0
14.0
14.0
14.0
13.0
13.0
12.0
12.0
11.0
11.0
11.0
12.0
13.0
12.0
12.0
13.0
14.0
12.0
10.0
13.0
11.0
12.0
10.0
11.0
11.0
13.0
12.0
12.0
13.0
9.0
10.0
13.0
12.0
12.0
14.0
14.0
14.0
12.0
12.0
10.0
12.0
10.0
12.0
13.0
15.0
13.0
12.0
10.0
14.0
11.0
11.0
13.0
14.0
11.0
13.0
13.0
14.0
12.0
11.0
13.0
13.0
12.0
11.0
13.0
12.0
13.0
12.0
12.0
12.0
14.0
12.0
11.0
10.0
12.0
11.0
13.0
12.0
11.0
8.0
12.0
10.0
13.0
12.0
12.0
11.0
14.0
11.0
12.0
14.0
12.0
12.0
14.0
13.0
12.0
11.0
14.0
14.0
13.0
14.0
12.0
11.0
11.0
11.0
12.0
11.0
13.0
13.0
12.0
12.0
12.0
11.0
12.0
12.0
12.0
12.0
12.0
12.0
12.0
12.0
11.0
14.0
12.0
13.0
12.0
12.0
13.0
12.0
13.0
12.0
12.0
14.0
13.0
11.0
12.0
11.0
11.0
12.0
13.0
12.0
12.0
12.0
12.0
12.0
11.0
11.0
9.0
11.0
11.0
10.0
12.0
11.0
13.0
14.0
13.0
12.0
12.0
11.0
13.0
12.0
13.0
12.0
13.0
11.0
11.0
11.0
12.0
13.0
12.0
11.0
12.0
12.0
11.0
10.0
10.0
12.0
11.0
12.0
11.0
10.0
11.0
12.0
12.0
11.0
11.0
13.0
12.0
13.0
13.0
12.0
11.0
10.0
11.0
12.0
12.0
12.0
12.0
12.0
11.0
10.0
10.0
10.0
10.0
14.0
12.0
14.0
13.0
11.0
10.0
11.0
11.0
12.0
10.0
10.0
13.0
11.0
12.0
12.0
11.0
10.0
12.0
14.0
13.0
11.0
13.0
13.0
12.0
13.0
12.0
12.0
12.0
12.0
12.0
11.0
11.0
12.0
15.0
12.0
13.0
15.0
12.0
12.0
12.0
11.0
12.0
8.0
10.0
10.0
13.0
11.0
12.0
12.0
13.0
14.0
14.0
12.0
12.0
15.0
13.0
11.0
14.0
9.0
11.0
13.0
11.0
11.0
12.0
12.0
11.0
13.0
12.0
13.0
12.0
13.0
11.0
13.0
12.0
11.0
13.0
13.0
13.0
12.0
12.0
12.0
12.0
11.0
12.0
13.0
12.0
14.0
13.0
11.0
12.0
13.0
11.0
12.0
12.0
9.0
10.0
10.0
11.0
11.0
12.0
9.0
12.0
11.0
12.0
12.0
13.0
13.0
13.0
13.0
12.0
13.0
11.0
10.0
11.0
12.0
12.0
11.0
12.0
13.0
11.0
11.0
10.0
10.0
10.0
9.0
6.0
5.0
3.0
8.0
6.0
5.0
6.0
6.0
7.0
9.0
8.0
8.0
10.0
6.0
7.0
7.0
8.0
8.0
8.0
5.0
8.0
8.0
7.0
10.0
7.0
6.0
9.0
10.0
8.0
9.0
9.0
8.0
7.0
9.0
8.0
8.0
6.0
5.0
7.0
7.0
8.0
6.0
8.0
9.0
10.0
7.0
6.0
7.0
9.0
7.0
7.0
7.0
7.0
7.0
10.0
9.0
9.0
8.0
6.0
8.0
9.0
7.0
9.0
9.0
10.0
10.0
6.0
5.0
6.0
6.0
7.0
7.0
8.0
7.0
9.0
8.0
7.0
6.0
8.0
8.0
8.0
9.0
7.0
7.0
9.0
6.0
6.0
9.0
7.0
9.0
6.0
7.0
8.0
7.0
7.0
8.0
8.0
10.0
8.0
8.0
8.0
6.0
7.0
8.0
9.0
10.0
8.0
8.0
11.0
10.0
9.0
9.0
8.0
9.0
11.0
7.0
7.0
10.0
10.0
10.0
8.0
9.0
8.0
9.0
8.0
8.0
7.0
9.0
9.0
11.0
9.0
10.0
9.0
11.0
10.0
8.0
11.0
10.0
7.0
8.0
8.0
11.0
9.0
8.0
9.0
11.0
10.0
9.0
10.0
11.0
9.0
8.0
9.0
9.0
9.0
8.0
10.0
11.0
11.0
10.0
9.0
7.0
10.0
8.0
10.0
9.0
8.0
9.0
9.0
8.0
9.0
11.0
9.0
10.0
9.0
9.0
9.0
8.0
11.0
11.0
10.0
9.0
8.0
8.0
9.0
9.0
8.0
11.0
9.0
9.0
11.0
9.0
10.0
11.0
8.0
9.0
10.0
7.0
10.0
9.0
8.0
11.0
9.0
10.0
10.0
9.0
11.0
9.0
8.0
9.0
8.0
6.0
9.0
9.0
10.0
9.0
9.0
9.0
10.0
9.0
8.0
8.0
9.0
8.0
11.0
9.0
8.0
7.0
7.0
7.0
10.0
11.0
10.0
11.0
10.0
7.0
10.0
10.0
9.0
9.0
9.0
9.0
9.0
9.0
10.0
10.0
10.0
9.0
7.0
10.0
8.0
9.0
6.0
8.0
9.0
10.0
9.0
10.0
9.0
9.0
7.0
9.0
9.0
10.0
9.0
9.0
8.0
9.0
9.0
10.0
8.0
10.0
8.0
9.0
9.0
7.0
7.0
9.0
9.0
10.0
9.0
10.0
10.0
11.0
9.0
9.0
7.0
9.0
8.0
7.0
10.0
7.0
8.0
9.0
10.0
11.0
8.0
9.0
9.0
10.0
11.0
10.0
11.0
9.0
7.0
7.0
9.0
9.0
8.0
8.0
9.0
10.0
11.0
9.0
9.0
10.0
10.0
10.0
11.0
9.0
10.0
10.0
10.0
10.0
9.0
10.0
10.0
10.0
9.0
9.0
10.0
10.0
10.0
10.0
11.0
9.0
10.0
10.0
10.0
11.0
10.0
11.0
9.0
10.0
10.0
10.0
9.0
10.0
12.0
13.0
11.0
10.0
9.0
10.0
10.0
12.0
12.0
11.0
12.0
13.0
9.0
10.0
12.0
9.0
12.0
11.0
10.0
10.0
8.0
11.0
11.0
12.0
11.0
11.0
12.0
12.0
11.0
10.0
10.0
11.0
8.0
9.0
10.0
10.0
9.0
10.0
11.0
10.0
11.0
10.0
10.0
9.0
11.0
8.0
11.0
10.0
11.0
11.0
10.0
9.0
7.0
9.0
9.0
10.0
10.0
9.0
9.0
9.0
9.0
9.0
10.0
9.0
11.0
9.0
8.0
10.0
12.0
11.0
9.0
11.0
11.0
11.0
10.0
10.0
10.0
9.0
8.0
8.0
9.0
10.0
10.0
11.0
10.0
10.0
10.0
10.0
11.0
9.0
11.0
10.0
10.0
10.0
10.0
9.0
11.0
10.0
10.0
10.0
9.0
10.0
10.0
9.0
9.0
10.0
8.0
10.0
13.0
12.0
12.0
12.0
11.0
11.0
11.0
12.0
11.0
11.0
12.0
10.0
10.0
11.0
10.0
12.0
12.0
11.0
11.0
11.0
10.0
12.0
12.0
12.0
11.0
13.0
13.0
11.0
10.0
10.0
12.0
11.0
12.0
11.0
10.0
11.0
11.0
11.0
11.0
11.0
10.0
12.0
9.0
12.0
13.0
13.0
12.0
10.0
10.0
12.0
12.0
10.0
11.0
8.0
9.0
11.0
11.0
12.0
11.0
10.0
9.0
10.0
12.0
11.0
10.0
9.0
10.0
12.0
10.0
10.0
11.0
10.0
11.0
11.0
11.0
10.0
10.0
9.0
10.0
10.0
12.0
12.0
10.0
12.0
12.0
10.0
12.0
13.0
10.0
11.0
12.0
9.0
12.0
11.0
11.0
10.0
12.0
12.0
10.0
11.0
9.0
11.0
9.0
9.0
11.0
9.0
11.0
11.0
11.0
10.0
11.0
12.0
11.0
10.0
11.0
11.0
12.0
11.0
12.0
11.0
10.0
10.0
12.0
12.0
11.0
12.0
12.0
12.0
11.0
9.0
9.0
11.0
10.0
10.0
10.0
10.0
10.0
11.0
9.0
11.0
12.0
12.0
10.0
12.0
10.0
12.0
11.0
12.0
12.0
10.0
11.0
11.0
11.0
9.0
9.0
12.0
10.0
10.0
11.0
10.0
9.0
11.0
11.0
10.0
12.0
11.0
10.0
10.0
11.0
12.0
12.0
10.0
12.0
12.0
11.0
12.0
12.0
12.0
12.0
10.0
10.0
11.0
9.0
9.0
11.0
12.0
12.0
9.0
12.0
10.0
11.0
11.0
11.0
12.0
13.0
11.0
13.0
12.0
12.0
11.0
11.0
13.0
12.0
12.0
12.0
13.0
12.0
11.0
10.0
13.0
12.0
14.0
12.0
11.0
9.0
7.0
8.0
7.0
9.0
8.0
6.0
7.0
7.0
7.0
9.0
8.0
6.0
6.0
6.0
6.0
7.0
7.0
6.0
7.0
9.0
8.0
7.0
9.0
5.0
7.0
9.0
10.0
9.0
9.0
7.0
8.0
8.0
6.0
6.0
6.0
8.0
9.0
8.0
6.0
8.0
8.0
5.0
6.0
8.0
9.0
11.0
9.0
8.0
10.0
9.0
9.0
9.0
10.0
9.0
10.0
8.0
8.0
10.0
11.0
11.0
8.0
8.0
10.0
9.0
10.0
11.0
11.0
10.0
10.0
9.0
8.0
9.0
9.0
10.0
9.0
10.0
8.0
10.0
10.0
10.0
11.0
9.0
8.0
8.0
10.0
11.0
9.0
11.0
10.0
11.0
12.0
11.0
12.0
13.0
11.0
12.0
12.0
12.0
10.0
11.0
12.0
12.0
10.0
11.0
11.0
13.0
12.0
11.0
12.0
12.0
12.0
14.0
14.0
14.0
15.0
16.0
12.0
13.0
14.0
13.0
13.0
14.0
13.0
12.0
12.0
12.0
12.0
11.0
11.0
13.0
13.0
14.0
13.0
12.0
14.0
14.0
13.0
13.0
14.0
13.0
13.0
14.0
12.0
11.0
13.0
14.0
13.0
15.0
13.0
14.0
14.0
17.0
17.0
17.0
21.0
24.0
27.0
33.0
33.0
35.0
34.0
36.0
36.0
36.0
35.0
35.0
38.0
39.0
40.0
42.0
45.0
46.0
41.0
38.0
37.0
36.0
41.0
41.0
213.0
324.0
385.0
303.0
188.0
123.0
170.0
218.0
381.0
481.0
513.0
519.0
464.0
347.0
306.0
289.0
437.0
475.0
270.0
177.0
128.0
188.0
331.0
490.0
495.0
507.0
518.0
432.0
321.0
260.0
241.0
316.0
458.0
454.0
418.0
454.0
574.0
640.0
644.0
657.0
613.0
726.0
756.0
678.0
587.0
517.0
486.0
358.0
444.0
511.0
663.0
716.0
728.0
651.0
715.0
745.0
760.0
770.0
738.0
607.0
762.0
815.0
726.0
707.0
689.0
829.0
808.0
709.0
713.0
842.0
770.0
710.0
621.0
667.0
708.0
779.0
740.0
704.0
814.0
784.0
759.0
657.0
723.0
766.0
748.0
700.0
765.0
811.0
685.0
506.0
604.0
792.0
798.0
717.0
492.0
280.0
215.0
146.0
102.0
66.0
47.0
39.0
35.0
31.0
30.0
