0.0
0.0
0.0
0.0
0.0
0.0
0.0
0.0
0.0
0.0
0.0
0.0
0.0
0.0
0.0
0.0
0.0
0.0
0.0
0.0
0.0
0.0
0.0
NaN
0.0
0.0
0.0
0.0
0.0
0.0
0.0
0.0
0.0
0.0
0.0
0.0
0.0
0.0
1.0
0.0
0.0
0.0
0.0
0.0
0.0
0.0
0.0
0.0
0.0
0.0
0.0
0.0
0.0
0.0
0.0
0.0
0.0
0.0
0.0
0.0
1.0
1.0
1.0
1.0
1.0
2.0
2.0
2.0
2.0
2.0
2.0
2.0
2.0
2.0
2.0
2.0
2.0
2.0
2.0
2.0
1.0
1.0
1.0
1.0
0.0
0.0
1.0
1.0
1.0
1.0
2.0
2.0
2.0
2.0
2.0
2.0
3.0
3.0
3.0
3.0
3.0
3.0
3.0
3.0
3.0
3.0
3.0
3.0
3.0
3.0
20.0
93.0
142.0
161.0
171.0
155.0
133.0
35.0
23.0
13.0
6.0
6.0
6.0
6.0
6.0
6.0
6.0
5.0
5.0
5.0
5.0
5.0
5.0
5.0
5.0
5.0
5.0
5.0
5.0
5.0
10.0
67.0
120.0
149.0
126.0
93.0
43.0
18.0
10.0
5.0
4.0
4.0
3.0
3.0
3.0
3.0
3.0
3.0
2.0
2.0
2.0
2.0
2.0
2.0
2.0
2.0
2.0
2.0
2.0
3.0
3.0
2.0
1.0
2.0
2.0
2.0
2.0
2.0
2.0
2.0
2.0
2.0
3.0
3.0
4.0
3.0
3.0
3.0
3.0
3.0
2.0
2.0
2.0
2.0
2.0
2.0
2.0
2.0
2.0
2.0
3.0
4.0
3.0
3.0
3.0
3.0
3.0
3.0
3.0
3.0
3.0
3.0
3.0
2.0
3.0
3.0
3.0
3.0
3.0
4.0
4.0
4.0
3.0
3.0
3.0
4.0
3.0
2.0
3.0
3.0
4.0
4.0
4.0
3.0
3.0
3.0
4.0
4.0
4.0
4.0
3.0
3.0
4.0
4.0
4.0
4.0
4.0
4.0
4.0
4.0
4.0
4.0
9.0
14.0
15.0
17.0
19.0
20.0
19.0
25.0
28.0
30.0
31.0
33.0
34.0
34.0
33.0
36.0
37.0
35.0
37.0
36.0
35.0
35.0
36.0
36.0
36.0
35.0
35.0
34.0
35.0
35.0
36.0
37.0
36.0
35.0
35.0
37.0
36.0
36.0
34.0
35.0
35.0
35.0
34.0
35.0
34.0
33.0
31.0
30.0
32.0
31.0
31.0
32.0
33.0
32.0
32.0
32.0
31.0
30.0
29.0
31.0
30.0
31.0
30.0
32.0
32.0
30.0
34.0
31.0
32.0
32.0
31.0
32.0
33.0
32.0
32.0
33.0
32.0
31.0
33.0
32.0
31.0
31.0
32.0
33.0
32.0
35.0
32.0
35.0
36.0
38.0
38.0
40.0
39.0
40.0
39.0
40.0
41.0
43.0
42.0
44.0
44.0
45.0
43.0
42.0
45.0
48.0
52.0
54.0
118.0
499.0
734.0
921.0
940.0
497.0
293.0
171.0
115.0
87.0
72.0
66.0
63.0
64.0
66.0
63.0
64.0
65.0
72.0
256.0
521.0
994.0
984.0
1113.0
922.0
551.0
304.0
197.0
133.0
306.0
502.0
937.0
971.0
970.0
901.0
555.0
306.0
184.0
127.0
106.0
88.0
214.0
485.0
844.0
999.0
1186.0
1148.0
1087.0
757.0
477.0
287.0
198.0
153.0
110.0
84.0
63.0
52.0
47.0
42.0
37.0
37.0
37.0
34.0
35.0
36.0
32.0
32.0
30.0
31.0
32.0
31.0
