1.0
1.0
1.0
1.0
1.0
1.0
1.0
1.0
1.0
1.0
1.0
1.0
1.0
1.0
1.0
1.0
1.0
1.0
1.0
1.0
1.0
1.0
0.0
0.0
0.0
0.0
0.0
0.0
0.0
0.0
0.0
0.0
1.0
1.0
0.0
0.0
0.0
0.0
0.0
0.0
0.0
0.0
1.0
1.0
1.0
1.0
1.0
1.0
2.0
2.0
2.0
2.0
2.0
2.0
2.0
2.0
2.0
2.0
2.0
2.0
1.0
1.0
2.0
2.0
2.0
2.0
2.0
2.0
2.0
3.0
3.0
3.0
3.0
3.0
3.0
3.0
3.0
3.0
3.0
3.0
3.0
3.0
3.0
3.0
3.0
3.0
3.0
3.0
3.0
2.0
3.0
3.0
3.0
3.0
3.0
3.0
3.0
3.0
3.0
3.0
3.0
3.0
4.0
50.0
111.0
139.0
135.0
65.0
29.0
16.0
8.0
7.0
6.0
6.0
6.0
6.0
6.0
6.0
6.0
7.0
62.0
120.0
151.0
158.0
133.0
90.0
46.0
26.0
16.0
10.0
9.0
44.0
91.0
135.0
160.0
168.0
146.0
79.0
31.0
17.0
11.0
9.0
8.0
8.0
40.0
112.0
142.0
160.0
184.0
178.0
160.0
112.0
52.0
26.0
15.0
9.0
9.0
9.0
8.0
8.0
8.0
8.0
8.0
7.0
7.0
7.0
6.0
6.0
6.0
6.0
4.0
4.0
4.0
3.0
3.0
2.0
2.0
2.0
2.0
2.0
2.0
2.0
2.0
2.0
2.0
2.0
1.0
1.0
2.0
2.0
2.0
2.0
2.0
2.0
2.0
2.0
2.0
2.0
2.0
2.0
2.0
1.0
2.0
2.0
2.0
2.0
2.0
2.0
2.0
2.0
2.0
2.0
2.0
2.0
2.0
2.0
2.0
2.0
2.0
3.0
3.0
3.0
3.0
3.0
3.0
3.0
3.0
3.0
3.0
3.0
3.0
3.0
3.0
3.0
3.0
3.0
3.0
3.0
3.0
3.0
3.0
3.0
3.0
3.0
3.0
3.0
3.0
3.0
3.0
3.0
3.0
3.0
3.0
3.0
3.0
3.0
3.0
3.0
3.0
3.0
3.0
3.0
3.0
3.0
3.0
3.0
3.0
3.0
3.0
3.0
3.0
3.0
3.0
3.0
3.0
3.0
9.0
45.0
107.0
141.0
168.0
188.0
200.0
207.0
212.0
212.0
211.0
208.0
197.0
183.0
172.0
160.0
166.0
176.0
168.0
134.0
74.0
46.0
