0.0
0.0
0.0
0.0
0.0
0.0
0.0
0.0
0.0
0.0
0.0
0.0
0.0
0.0
0.0
0.0
0.0
0.0
0.0
0.0
0.0
0.0
0.0
0.0
0.0
0.0
0.0
0.0
0.0
0.0
0.0
0.0
0.0
0.0
0.0
0.0
0.0
0.0
0.0
0.0
0.0
0.0
0.0
0.0
0.0
0.0
0.0
0.0
0.0
0.0
0.0
0.0
1.0
1.0
1.0
1.0
1.0
1.0
1.0
1.0
1.0
1.0
1.0
1.0
1.0
1.0
1.0
1.0
1.0
1.0
1.0
1.0
1.0
1.0
1.0
1.0
1.0
1.0
1.0
1.0
1.0
1.0
1.0
1.0
3.0
11.0
36.0
87.0
113.0
142.0
172.0
180.0
182.0
171.0
129.0
89.0
56.0
35.0
22.0
14.0
10.0
9.0
7.0
7.0
7.0
7.0
7.0
7.0
7.0
7.0
7.0
8.0
7.0
8.0
8.0
11.0
52.0
91.0
133.0
161.0
177.0
183.0
177.0
155.0
106.0
67.0
46.0
30.0
21.0
17.0
13.0
11.0
11.0
12.0
26.0
49.0
93.0
120.0
137.0
163.0
183.0
195.0
204.0
205.0
199.0
178.0
130.0
97.0
61.0
36.0
