9.0
9.0
9.0
9.0
9.0
9.0
9.0
9.0
9.0
9.0
9.0
9.0
9.0
9.0
9.0
9.0
9.0
9.0
9.0
9.0
9.0
9.0
9.0
9.0
9.0
9.0
9.0
9.0
9.0
9.0
9.0
9.0
9.0
9.0
9.0
9.0
0.0
0.0
5.0
5.0
9.0
9.0
9.0
10.0
9.0
9.0
12.0
14.0
12.0
11.0
12.0
13.0
13.0
14.0
16.0
18.0
18.0
18.0
20.0
22.0
22.0
21.0
21.0
22.0
22.0
22.0
20.0
22.0
25.0
26.0
28.0
29.0
29.0
30.0
31.0
34.0
37.0
57.0
133.0
209.0
269.0
307.0
331.0
280.0
200.0
145.0
108.0
86.0
68.0
57.0
49.0
45.0
42.0
42.0
40.0
42.0
43.0
42.0
44.0
52.0
112.0
194.0
259.0
312.0
334.0
321.0
220.0
131.0
91.0
77.0
66.0
89.0
193.0
254.0
319.0
345.0
313.0
218.0
160.0
114.0
86.0
64.0
56.0
115.0
185.0
262.0
312.0
331.0
339.0
296.0
204.0
150.0
115.0
93.0
69.0
54.0
49.0
46.0
43.0
41.0
41.0
42.0
42.0
42.0
43.0
42.0
42.0
39.0
38.0
35.0
32.0
