1.0
1.0
1.0
1.0
1.0
1.0
1.0
1.0
1.0
1.0
1.0
1.0
1.0
1.0
1.0
1.0
1.0
1.0
1.0
1.0
1.0
1.0
1.0
1.0
1.0
1.0
1.0
1.0
1.0
1.0
1.0
0.0
0.0
0.0
1.0
2.0
2.0
2.0
2.0
2.0
2.0
2.0
2.0
2.0
2.0
2.0
2.0
2.0
2.0
3.0
3.0
3.0
3.0
3.0
3.0
3.0
3.0
3.0
3.0
3.0
3.0
3.0
3.0
3.0
4.0
4.0
4.0
4.0
4.0
4.0
4.0
3.0
3.0
3.0
3.0
3.0
3.0
3.0
3.0
3.0
4.0
4.0
4.0
4.0
4.0
4.0
4.0
4.0
4.0
4.0
4.0
5.0
5.0
6.0
8.0
11.0
11.0
17.0
23.0
28.0
43.0
64.0
88.0
108.0
123.0
130.0
137.0
149.0
157.0
156.0
153.0
153.0
149.0
146.0
138.0
129.0
120.0
112.0
98.0
74.0
57.0
43.0
32.0
24.0
17.0
14.0
11.0
8.0
6.0
5.0
5.0
6.0
6.0
6.0
5.0
5.0
5.0
5.0
5.0
5.0
4.0
4.0
4.0
4.0
4.0
4.0
4.0
4.0
6.0
12.0
17.0
22.0
26.0
29.0
37.0
43.0
45.0
46.0
45.0
47.0
49.0
63.0
73.0
85.0
100.0
110.0
120.0
128.0
130.0
130.0
134.0
135.0
131.0
116.0
100.0
72.0
48.0
31.0
20.0
13.0
9.0
5.0
5.0
5.0
4.0
4.0
4.0
4.0
4.0
3.0
3.0
3.0
3.0
3.0
3.0
3.0
3.0
3.0
3.0
3.0
3.0
3.0
4.0
4.0
4.0
4.0
4.0
2.0
2.0
1.0
1.0
0.0
2.0
2.0
2.0
3.0
4.0
15.0
28.0
50.0
68.0
78.0
87.0
90.0
91.0
90.0
86.0
81.0
79.0
74.0
62.0
50.0
28.0
18.0
13.0
10.0
6.0
6.0
3.0
2.0
2.0
2.0
2.0
2.0
2.0
2.0
1.0
1.0
1.0
0.0
0.0
0.0
0.0
0.0
0.0
0.0
0.0
1.0
5.0
15.0
19.0
35.0
67.0
107.0
127.0
141.0
151.0
149.0
132.0
79.0
40.0
19.0
10.0
2.0
0.0
0.0
0.0
0.0
0.0
0.0
0.0
0.0
0.0
0.0
0.0
0.0
0.0
0.0
0.0
0.0
0.0
0.0
0.0
0.0
0.0
0.0
0.0
0.0
0.0
0.0
0.0
0.0
0.0
0.0
0.0
0.0
0.0
0.0
0.0
0.0
0.0
0.0
0.0
0.0
0.0
0.0
0.0
0.0
0.0
0.0
0.0
0.0
0.0
0.0
0.0
0.0
0.0
0.0
0.0
0.0
0.0
0.0
0.0
0.0
0.0
0.0
0.0
0.0
0.0
0.0
0.0
0.0
0.0
0.0
0.0
0.0
0.0
0.0
0.0
0.0
0.0
0.0
