10.0
10.0
10.0
10.0
10.0
10.0
10.0
10.0
10.0
10.0
10.0
10.0
10.0
10.0
10.0
10.0
10.0
10.0
10.0
10.0
10.0
10.0
10.0
10.0
10.0
10.0
10.0
10.0
10.0
10.0
10.0
10.0
10.0
0.0
0.0
0.0
0.0
2.0
5.0
7.0
8.0
9.0
9.0
8.0
10.0
11.0
9.0
9.0
11.0
10.0
10.0
11.0
9.0
11.0
11.0
10.0
11.0
12.0
12.0
14.0
14.0
16.0
18.0
18.0
18.0
19.0
21.0
22.0
22.0
22.0
22.0
22.0
22.0
22.0
22.0
22.0
23.0
23.0
23.0
23.0
23.0
24.0
25.0
25.0
25.0
26.0
29.0
39.0
75.0
125.0
175.0
214.0
237.0
239.0
220.0
200.0
222.0
252.0
272.0
285.0
297.0
302.0
261.0
205.0
152.0
116.0
86.0
67.0
56.0
50.0
48.0
48.0
59.0
99.0
132.0
154.0
160.0
142.0
113.0
93.0
73.0
63.0
57.0
56.0
83.0
125.0
160.0
182.0
187.0
154.0
120.0
97.0
79.0
67.0
62.0
57.0
56.0
55.0
55.0
55.0
53.0
53.0
67.0
114.0
157.0
187.0
197.0
182.0
139.0
108.0
84.0
69.0
59.0
51.0
44.0
37.0
32.0
