13.0
13.0
13.0
13.0
13.0
13.0
13.0
13.0
13.0
13.0
13.0
13.0
13.0
13.0
13.0
13.0
13.0
13.0
13.0
13.0
13.0
13.0
13.0
13.0
13.0
13.0
13.0
13.0
13.0
13.0
13.0
13.0
13.0
13.0
0.0
0.0
0.0
1.0
0.0
0.0
0.0
0.0
1.0
1.0
1.0
1.0
1.0
1.0
1.0
1.0
1.0
1.0
1.0
1.0
1.0
1.0
1.0
1.0
1.0
1.0
1.0
1.0
1.0
1.0
1.0
1.0
1.0
1.0
1.0
1.0
1.0
1.0
2.0
2.0
2.0
3.0
3.0
2.0
2.0
2.0
2.0
2.0
2.0
2.0
2.0
2.0
2.0
2.0
4.0
6.0
8.0
10.0
11.0
13.0
15.0
19.0
34.0
98.0
147.0
189.0
194.0
164.0
117.0
80.0
55.0
44.0
99.0
142.0
186.0
196.0
154.0
102.0
67.0
60.0
108.0
163.0
208.0
204.0
138.0
92.0
69.0
51.0
40.0
33.0
