0.0
0.0
0.0
0.0
0.0
0.0
0.0
0.0
0.0
0.0
0.0
0.0
0.0
0.0
0.0
0.0
0.0
0.0
0.0
0.0
0.0
0.0
0.0
0.0
0.0
0.0
0.0
0.0
0.0
0.0
0.0
0.0
0.0
1.0
0.0
2.0
6.0
10.0
11.0
13.0
14.0
14.0
15.0
15.0
16.0
17.0
18.0
18.0
18.0
18.0
18.0
18.0
19.0
19.0
19.0
19.0
19.0
19.0
19.0
19.0
19.0
19.0
19.0
19.0
19.0
19.0
19.0
19.0
19.0
19.0
20.0
20.0
20.0
20.0
20.0
20.0
20.0
20.0
20.0
20.0
20.0
20.0
20.0
20.0
20.0
20.0
20.0
20.0
20.0
20.0
20.0
20.0
20.0
20.0
20.0
20.0
20.0
20.0
20.0
20.0
20.0
20.0
20.0
20.0
20.0
20.0
20.0
20.0
20.0
20.0
20.0
20.0
21.0
21.0
21.0
21.0
22.0
22.0
22.0
22.0
21.0
23.0
23.0
26.0
27.0
28.0
30.0
33.0
37.0
58.0
88.0
123.0
162.0
199.0
242.0
262.0
271.0
267.0
248.0
202.0
150.0
115.0
85.0
67.0
57.0
50.0
48.0
46.0
46.0
54.0
91.0
128.0
169.0
221.0
253.0
270.0
289.0
300.0
296.0
278.0
257.0
212.0
156.0
111.0
89.0
71.0
60.0
53.0
50.0
48.0
54.0
93.0
150.0
184.0
233.0
259.0
280.0
285.0
274.0
243.0
191.0
133.0
103.0
79.0
63.0
55.0
50.0
45.0
44.0
44.0
43.0
44.0
43.0
42.0
42.0
40.0
39.0
39.0
40.0
40.0
41.0
45.0
88.0
139.0
194.0
236.0
269.0
277.0
247.0
200.0
144.0
92.0
71.0
53.0
39.0
32.0
