0.0
0.0
0.0
0.0
0.0
0.0
0.0
0.0
0.0
0.0
0.0
0.0
0.0
0.0
0.0
0.0
0.0
0.0
0.0
0.0
0.0
0.0
0.0
0.0
0.0
0.0
0.0
0.0
0.0
0.0
0.0
0.0
0.0
0.0
0.0
0.0
0.0
1.0
3.0
6.0
9.0
9.0
10.0
11.0
12.0
13.0
15.0
15.0
15.0
16.0
17.0
16.0
17.0
17.0
18.0
18.0
18.0
18.0
18.0
18.0
19.0
19.0
20.0
20.0
20.0
20.0
20.0
20.0
20.0
20.0
20.0
20.0
20.0
20.0
21.0
21.0
21.0
21.0
22.0
23.0
25.0
30.0
51.0
119.0
180.0
225.0
250.0
224.0
164.0
123.0
91.0
72.0
94.0
137.0
197.0
241.0
273.0
262.0
203.0
149.0
114.0
81.0
78.0
123.0
208.0
247.0
273.0
256.0
175.0
113.0
85.0
67.0
50.0
44.0
39.0
39.0
39.0
37.0
41.0
88.0
148.0
203.0
261.0
283.0
276.0
192.0
149.0
100.0
64.0
46.0
33.0
