6.0
6.0
6.0
6.0
6.0
6.0
6.0
6.0
6.0
6.0
6.0
6.0
6.0
6.0
6.0
6.0
6.0
6.0
6.0
6.0
6.0
6.0
6.0
6.0
6.0
6.0
6.0
6.0
6.0
6.0
6.0
6.0
6.0
0.0
0.0
0.0
1.0
1.0
2.0
2.0
3.0
3.0
3.0
3.0
3.0
3.0
3.0
3.0
3.0
3.0
3.0
3.0
3.0
3.0
3.0
3.0
3.0
3.0
3.0
3.0
3.0
3.0
3.0
3.0
4.0
4.0
4.0
4.0
5.0
5.0
6.0
7.0
7.0
7.0
8.0
10.0
11.0
35.0
94.0
173.0
238.0
260.0
243.0
174.0
112.0
75.0
55.0
58.0
104.0
167.0
226.0
267.0
283.0
263.0
157.0
122.0
82.0
56.0
107.0
154.0
208.0
258.0
280.0
287.0
280.0
178.0
126.0
85.0
55.0
42.0
30.0
