12.0
12.0
12.0
12.0
12.0
12.0
12.0
12.0
12.0
12.0
12.0
12.0
12.0
12.0
12.0
12.0
12.0
12.0
12.0
12.0
12.0
12.0
12.0
12.0
12.0
12.0
12.0
12.0
1.0
10.0
10.0
10.0
10.0
12.0
7.0
9.0
11.0
10.0
11.0
10.0
10.0
10.0
11.0
11.0
11.0
10.0
11.0
12.0
10.0
10.0
9.0
10.0
10.0
11.0
12.0
10.0
11.0
12.0
9.0
11.0
12.0
10.0
10.0
9.0
9.0
10.0
10.0
9.0
9.0
9.0
9.0
11.0
12.0
11.0
9.0
11.0
12.0
11.0
13.0
14.0
14.0
13.0
12.0
11.0
12.0
13.0
13.0
12.0
12.0
13.0
14.0
15.0
16.0
16.0
15.0
16.0
17.0
17.0
18.0
18.0
17.0
21.0
19.0
19.0
19.0
19.0
19.0
21.0
19.0
20.0
21.0
23.0
23.0
24.0
24.0
22.0
23.0
27.0
29.0
31.0
33.0
33.0
34.0
35.0
34.0
33.0
35.0
33.0
34.0
36.0
35.0
36.0
38.0
37.0
37.0
38.0
39.0
40.0
41.0
40.0
38.0
39.0
40.0
39.0
40.0
40.0
40.0
43.0
44.0
46.0
47.0
67.0
81.0
103.0
132.0
166.0
170.0
184.0
217.0
250.0
282.0
302.0
330.0
350.0
364.0
369.0
375.0
378.0
376.0
378.0
371.0
347.0
317.0
276.0
231.0
185.0
146.0
123.0
88.0
74.0
66.0
60.0
57.0
55.0
53.0
51.0
51.0
