11.0
11.0
11.0
11.0
11.0
11.0
11.0
11.0
11.0
11.0
11.0
11.0
11.0
11.0
11.0
11.0
11.0
11.0
11.0
11.0
11.0
11.0
11.0
11.0
11.0
11.0
11.0
11.0
11.0
11.0
11.0
11.0
0.0
1.0
2.0
5.0
2.0
5.0
9.0
11.0
11.0
13.0
14.0
14.0
13.0
13.0
13.0
14.0
14.0
13.0
15.0
15.0
15.0
16.0
16.0
17.0
18.0
18.0
19.0
18.0
18.0
18.0
18.0
18.0
20.0
20.0
20.0
20.0
20.0
21.0
21.0
22.0
21.0
21.0
22.0
21.0
23.0
22.0
20.0
23.0
23.0
23.0
23.0
22.0
23.0
24.0
24.0
22.0
23.0
24.0
27.0
30.0
30.0
33.0
35.0
37.0
35.0
35.0
36.0
35.0
35.0
35.0
37.0
37.0
36.0
37.0
41.0
41.0
39.0
43.0
43.0
44.0
47.0
49.0
69.0
127.0
203.0
250.0
306.0
330.0
349.0
363.0
367.0
364.0
343.0
289.0
200.0
152.0
124.0
