10.0
10.0
10.0
10.0
10.0
10.0
10.0
10.0
10.0
10.0
10.0
10.0
10.0
10.0
10.0
10.0
10.0
10.0
10.0
10.0
10.0
10.0
10.0
10.0
10.0
10.0
10.0
10.0
10.0
10.0
10.0
10.0
10.0
10.0
1.0
1.0
4.0
3.0
3.0
7.0
10.0
9.0
11.0
12.0
12.0
13.0
14.0
14.0
15.0
17.0
16.0
16.0
17.0
18.0
21.0
20.0
20.0
20.0
22.0
18.0
18.0
20.0
19.0
21.0
21.0
21.0
18.0
18.0
19.0
19.0
19.0
18.0
17.0
17.0
16.0
16.0
15.0
14.0
16.0
15.0
17.0
16.0
16.0
17.0
17.0
16.0
17.0
17.0
17.0
17.0
17.0
18.0
17.0
19.0
21.0
21.0
21.0
20.0
20.0
20.0
21.0
21.0
21.0
21.0
19.0
19.0
20.0
22.0
24.0
22.0
21.0
22.0
23.0
22.0
23.0
23.0
24.0
24.0
25.0
27.0
28.0
31.0
31.0
31.0
32.0
31.0
34.0
37.0
39.0
42.0
80.0
150.0
229.0
287.0
316.0
322.0
270.0
194.0
133.0
104.0
81.0
63.0
57.0
52.0
49.0
48.0
48.0
47.0
46.0
46.0
47.0
50.0
53.0
73.0
114.0
205.0
253.0
310.0
297.0
231.0
171.0
131.0
112.0
87.0
71.0
67.0
70.0
111.0
179.0
248.0
299.0
334.0
347.0
337.0
262.0
190.0
126.0
102.0
80.0
71.0
66.0
67.0
113.0
175.0
235.0
284.0
319.0
343.0
340.0
308.0
237.0
176.0
125.0
101.0
82.0
71.0
64.0
58.0
56.0
52.0
53.0
53.0
52.0
52.0
50.0
52.0
53.0
50.0
51.0
50.0
53.0
53.0
54.0
52.0
52.0
51.0
52.0
51.0
49.0
50.0
46.0
43.0
41.0
37.0
34.0
31.0
29.0
25.0
21.0
20.0
18.0
16.0
14.0
13.0
12.0
13.0
13.0
11.0
12.0
10.0
12.0
12.0
11.0
