10.0
10.0
10.0
10.0
10.0
10.0
10.0
10.0
10.0
10.0
10.0
10.0
10.0
10.0
10.0
10.0
10.0
10.0
10.0
10.0
10.0
10.0
10.0
10.0
10.0
10.0
10.0
10.0
10.0
10.0
10.0
10.0
10.0
0.0
0.0
5.0
3.0
5.0
7.0
7.0
8.0
9.0
10.0
9.0
8.0
7.0
6.0
7.0
8.0
7.0
6.0
8.0
9.0
10.0
9.0
7.0
7.0
8.0
9.0
8.0
9.0
10.0
11.0
11.0
10.0
9.0
10.0
12.0
12.0
13.0
12.0
11.0
12.0
12.0
13.0
12.0
14.0
14.0
13.0
15.0
14.0
14.0
15.0
14.0
15.0
15.0
15.0
15.0
15.0
14.0
16.0
15.0
18.0
18.0
19.0
19.0
20.0
22.0
22.0
25.0
30.0
100.0
201.0
263.0
302.0
326.0
345.0
338.0
293.0
229.0
148.0
108.0
66.0
52.0
43.0
39.0
35.0
34.0
31.0
31.0
30.0
31.0
32.0
34.0
34.0
34.0
35.0
39.0
39.0
60.0
128.0
208.0
264.0
304.0
328.0
327.0
288.0
189.0
137.0
106.0
81.0
65.0
65.0
124.0
200.0
278.0
303.0
328.0
328.0
279.0
201.0
147.0
119.0
81.0
64.0
52.0
54.0
107.0
161.0
237.0
288.0
320.0
336.0
347.0
341.0
293.0
229.0
165.0
121.0
87.0
68.0
56.0
48.0
43.0
41.0
41.0
37.0
36.0
36.0
36.0
37.0
35.0
36.0
34.0
35.0
34.0
35.0
36.0
35.0
36.0
35.0
34.0
31.0
