8.0
8.0
8.0
8.0
8.0
8.0
8.0
8.0
8.0
8.0
8.0
8.0
8.0
8.0
8.0
8.0
8.0
8.0
8.0
8.0
8.0
8.0
8.0
8.0
8.0
8.0
8.0
0.0
1.0
5.0
4.0
6.0
6.0
5.0
4.0
5.0
6.0
7.0
7.0
5.0
7.0
7.0
6.0
5.0
5.0
5.0
6.0
6.0
6.0
5.0
4.0
6.0
7.0
7.0
5.0
7.0
7.0
7.0
7.0
7.0
7.0
8.0
8.0
10.0
10.0
10.0
9.0
12.0
12.0
14.0
15.0
14.0
15.0
15.0
16.0
14.0
14.0
16.0
15.0
16.0
16.0
15.0
14.0
14.0
15.0
15.0
17.0
17.0
18.0
17.0
17.0
18.0
19.0
18.0
18.0
20.0
21.0
21.0
20.0
19.0
20.0
20.0
19.0
20.0
19.0
21.0
22.0
21.0
21.0
19.0
20.0
19.0
19.0
18.0
19.0
19.0
19.0
19.0
19.0
19.0
19.0
19.0
19.0
20.0
21.0
23.0
22.0
22.0
21.0
22.0
21.0
21.0
21.0
24.0
24.0
26.0
26.0
29.0
32.0
33.0
38.0
77.0
167.0
225.0
279.0
317.0
341.0
359.0
365.0
340.0
271.0
193.0
141.0
114.0
87.0
66.0
54.0
47.0
41.0
43.0
40.0
38.0
37.0
38.0
38.0
37.0
36.0
38.0
39.0
41.0
42.0
42.0
44.0
44.0
43.0
45.0
46.0
47.0
48.0
49.0
67.0
124.0
191.0
241.0
295.0
327.0
351.0
359.0
355.0
350.0
300.0
222.0
173.0
131.0
92.0
77.0
68.0
63.0
61.0
78.0
131.0
186.0
251.0
304.0
330.0
354.0
362.0
368.0
361.0
338.0
310.0
251.0
171.0
137.0
105.0
81.0
67.0
58.0
53.0
53.0
50.0
50.0
49.0
51.0
55.0
79.0
114.0
150.0
209.0
261.0
290.0
324.0
344.0
357.0
364.0
361.0
365.0
350.0
326.0
300.0
249.0
187.0
141.0
108.0
88.0
71.0
60.0
54.0
50.0
48.0
44.0
41.0
41.0
41.0
40.0
42.0
40.0
40.0
40.0
39.0
39.0
38.0
37.0
37.0
39.0
40.0
39.0
39.0
40.0
40.0
40.0
41.0
40.0
40.0
40.0
39.0
38.0
38.0
38.0
37.0
38.0
38.0
38.0
38.0
36.0
34.0
31.0
