6.0
6.0
6.0
6.0
6.0
6.0
6.0
6.0
6.0
6.0
6.0
6.0
6.0
6.0
6.0
6.0
6.0
6.0
6.0
6.0
6.0
6.0
6.0
6.0
6.0
6.0
6.0
6.0
6.0
6.0
6.0
6.0
6.0
6.0
0.0
2.0
5.0
3.0
7.0
7.0
10.0
11.0
11.0
13.0
13.0
14.0
14.0
13.0
14.0
15.0
15.0
15.0
16.0
17.0
17.0
18.0
15.0
15.0
16.0
17.0
16.0
16.0
16.0
16.0
16.0
17.0
17.0
17.0
18.0
19.0
21.0
21.0
21.0
20.0
19.0
18.0
20.0
19.0
21.0
21.0
20.0
21.0
21.0
24.0
24.0
25.0
26.0
27.0
32.0
31.0
35.0
38.0
55.0
107.0
169.0
232.0
286.0
315.0
345.0
353.0
335.0
288.0
211.0
153.0
108.0
85.0
67.0
57.0
48.0
46.0
45.0
44.0
43.0
43.0
44.0
42.0
45.0
43.0
44.0
44.0
44.0
45.0
43.0
43.0
44.0
44.0
46.0
46.0
46.0
46.0
47.0
46.0
44.0
45.0
44.0
46.0
46.0
45.0
46.0
52.0
68.0
112.0
173.0
218.0
283.0
319.0
341.0
359.0
370.0
369.0
329.0
257.0
187.0
151.0
116.0
89.0
76.0
62.0
61.0
87.0
168.0
231.0
277.0
312.0
340.0
349.0
358.0
350.0
329.0
273.0
210.0
157.0
121.0
92.0
76.0
67.0
59.0
55.0
51.0
52.0
51.0
52.0
51.0
51.0
68.0
105.0
187.0
264.0
305.0
329.0
331.0
315.0
237.0
163.0
114.0
91.0
75.0
62.0
55.0
51.0
48.0
46.0
47.0
46.0
44.0
46.0
46.0
45.0
44.0
44.0
43.0
44.0
42.0
45.0
47.0
46.0
47.0
46.0
46.0
44.0
45.0
47.0
46.0
46.0
46.0
47.0
46.0
45.0
44.0
43.0
39.0
38.0
35.0
34.0
31.0
31.0
