7.0
7.0
7.0
7.0
7.0
7.0
7.0
7.0
7.0
7.0
7.0
7.0
7.0
7.0
7.0
7.0
7.0
7.0
7.0
7.0
7.0
7.0
7.0
7.0
7.0
7.0
7.0
7.0
7.0
7.0
7.0
7.0
7.0
7.0
7.0
7.0
0.0
0.0
0.0
2.0
2.0
2.0
2.0
4.0
4.0
4.0
4.0
5.0
5.0
4.0
5.0
4.0
4.0
4.0
4.0
4.0
6.0
7.0
6.0
7.0
8.0
6.0
7.0
9.0
9.0
9.0
8.0
10.0
10.0
10.0
11.0
11.0
11.0
12.0
12.0
13.0
15.0
14.0
15.0
16.0
18.0
19.0
19.0
19.0
21.0
21.0
21.0
20.0
19.0
21.0
23.0
24.0
23.0
24.0
24.0
24.0
24.0
25.0
28.0
29.0
28.0
28.0
29.0
30.0
30.0
32.0
36.0
36.0
37.0
39.0
40.0
43.0
47.0
48.0
52.0
87.0
153.0
243.0
307.0
429.0
486.0
517.0
511.0
487.0
436.0
325.0
235.0
186.0
141.0
111.0
87.0
71.0
60.0
57.0
55.0
53.0
54.0
52.0
51.0
55.0
54.0
57.0
55.0
54.0
52.0
57.0
58.0
108.0
205.0
333.0
409.0
436.0
449.0
425.0
360.0
261.0
194.0
149.0
105.0
89.0
80.0
131.0
222.0
341.0
421.0
418.0
460.0
488.0
480.0
438.0
391.0
285.0
221.0
158.0
131.0
107.0
91.0
81.0
73.0
70.0
100.0
154.0
209.0
287.0
364.0
440.0
481.0
488.0
481.0
472.0
423.0
320.0
234.0
186.0
141.0
105.0
89.0
75.0
68.0
63.0
59.0
55.0
56.0
56.0
54.0
54.0
53.0
53.0
52.0
53.0
53.0
54.0
51.0
50.0
48.0
45.0
41.0
39.0
36.0
34.0
