35.0
35.0
35.0
35.0
35.0
35.0
35.0
35.0
35.0
35.0
35.0
35.0
35.0
35.0
35.0
35.0
35.0
35.0
35.0
35.0
35.0
35.0
0.0
0.0
6.0
7.0
8.0
7.0
8.0
8.0
11.0
10.0
10.0
10.0
8.0
8.0
9.0
11.0
11.0
10.0
11.0
12.0
11.0
11.0
12.0
12.0
13.0
13.0
12.0
11.0
11.0
12.0
13.0
14.0
14.0
13.0
13.0
14.0
15.0
18.0
17.0
19.0
19.0
20.0
23.0
22.0
24.0
25.0
25.0
24.0
29.0
38.0
272.0
489.0
862.0
917.0
934.0
898.0
639.0
328.0
174.0
110.0
68.0
54.0
47.0
37.0
37.0
37.0
38.0
38.0
39.0
39.0
39.0
41.0
45.0
55.0
389.0
819.0
966.0
1015.0
1085.0
980.0
642.0
335.0
203.0
139.0
75.0
63.0
412.0
740.0
998.0
1153.0
1119.0
1003.0
678.0
387.0
203.0
204.0
191.0
180.0
361.0
497.0
1017.0
1016.0
1195.0
1051.0
1051.0
815.0
853.0
1022.0
846.0
423.0
237.0
115.0
66.0
37.0
