14.0
14.0
14.0
14.0
14.0
14.0
14.0
14.0
14.0
14.0
14.0
14.0
14.0
14.0
14.0
14.0
14.0
14.0
14.0
14.0
14.0
14.0
14.0
0.0
1.0
8.0
9.0
9.0
9.0
11.0
10.0
9.0
9.0
8.0
11.0
11.0
10.0
12.0
9.0
10.0
10.0
10.0
10.0
9.0
10.0
10.0
10.0
11.0
9.0
10.0
10.0
10.0
13.0
13.0
12.0
11.0
12.0
9.0
9.0
11.0
7.0
9.0
10.0
11.0
10.0
10.0
9.0
9.0
11.0
10.0
12.0
10.0
10.0
10.0
9.0
9.0
11.0
11.0
10.0
12.0
12.0
11.0
10.0
10.0
10.0
10.0
11.0
12.0
9.0
10.0
10.0
10.0
10.0
9.0
10.0
9.0
10.0
11.0
10.0
11.0
12.0
11.0
11.0
12.0
10.0
11.0
9.0
10.0
10.0
9.0
10.0
9.0
10.0
10.0
10.0
9.0
12.0
9.0
11.0
11.0
10.0
10.0
10.0
11.0
9.0
12.0
12.0
10.0
12.0
12.0
10.0
10.0
12.0
10.0
10.0
9.0
10.0
11.0
11.0
7.0
8.0
10.0
10.0
10.0
11.0
11.0
12.0
12.0
13.0
11.0
9.0
9.0
10.0
10.0
9.0
11.0
8.0
10.0
11.0
10.0
10.0
11.0
11.0
9.0
11.0
11.0
11.0
11.0
12.0
11.0
10.0
11.0
11.0
10.0
9.0
8.0
9.0
10.0
9.0
12.0
9.0
11.0
11.0
10.0
10.0
9.0
8.0
10.0
8.0
10.0
9.0
11.0
9.0
9.0
10.0
9.0
10.0
7.0
10.0
10.0
10.0
9.0
10.0
10.0
9.0
12.0
11.0
9.0
10.0
8.0
9.0
10.0
9.0
10.0
10.0
8.0
8.0
10.0
10.0
10.0
10.0
8.0
8.0
11.0
12.0
11.0
8.0
9.0
10.0
11.0
10.0
12.0
11.0
9.0
11.0
10.0
11.0
10.0
11.0
10.0
10.0
12.0
12.0
11.0
11.0
11.0
11.0
11.0
8.0
10.0
9.0
10.0
10.0
11.0
13.0
11.0
12.0
11.0
12.0
11.0
12.0
16.0
14.0
12.0
13.0
11.0
15.0
12.0
14.0
12.0
12.0
13.0
13.0
14.0
12.0
13.0
13.0
12.0
14.0
15.0
13.0
14.0
15.0
15.0
16.0
15.0
14.0
16.0
16.0
13.0
16.0
15.0
15.0
16.0
16.0
15.0
16.0
17.0
15.0
17.0
16.0
16.0
17.0
16.0
16.0
15.0
14.0
16.0
14.0
17.0
14.0
16.0
16.0
17.0
15.0
16.0
17.0
18.0
19.0
22.0
23.0
24.0
25.0
25.0
25.0
23.0
24.0
25.0
25.0
25.0
27.0
31.0
33.0
135.0
681.0
1175.0
1719.0
2117.0
2094.0
2548.0
2536.0
2287.0
1520.0
1015.0
509.0
264.0
175.0
91.0
65.0
53.0
47.0
46.0
40.0
42.0
44.0
43.0
40.0
42.0
46.0
44.0
49.0
260.0
886.0
2260.0
3392.0
4035.0
4121.0
3380.0
2073.0
1022.0
633.0
362.0
237.0
152.0
103.0
82.0
1144.0
2601.0
3380.0
3949.0
3678.0
3021.0
1826.0
903.0
507.0
321.0
182.0
138.0
135.0
1446.0
2963.0
3766.0
3900.0
2626.0
1423.0
781.0
441.0
239.0
152.0
98.0
72.0
56.0
50.0
48.0
47.0
45.0
46.0
44.0
35.0
