20.0
20.0
20.0
20.0
20.0
20.0
20.0
20.0
20.0
20.0
20.0
20.0
20.0
20.0
20.0
20.0
20.0
20.0
20.0
20.0
20.0
20.0
20.0
20.0
4.0
3.0
7.0
4.0
7.0
8.0
8.0
9.0
9.0
8.0
9.0
9.0
9.0
10.0
9.0
10.0
7.0
9.0
8.0
9.0
8.0
9.0
9.0
11.0
10.0
9.0
10.0
11.0
12.0
10.0
13.0
16.0
15.0
15.0
13.0
16.0
14.0
12.0
11.0
13.0
13.0
14.0
16.0
15.0
15.0
15.0
18.0
19.0
16.0
21.0
21.0
21.0
20.0
21.0
25.0
26.0
27.0
67.0
324.0
718.0
944.0
656.0
403.0
230.0
138.0
90.0
65.0
50.0
44.0
42.0
40.0
58.0
372.0
477.0
625.0
645.0
305.0
184.0
198.0
614.0
871.0
834.0
453.0
262.0
140.0
106.0
493.0
774.0
880.0
391.0
193.0
131.0
87.0
60.0
43.0
35.0
33.0
