0.0
0.0
0.0
0.0
0.0
0.0
0.0
0.0
0.0
0.0
0.0
0.0
0.0
0.0
0.0
0.0
0.0
0.0
0.0
0.0
0.0
0.0
0.0
0.0
0.0
0.0
0.0
0.0
0.0
0.0
0.0
0.0
0.0
0.0
0.0
0.0
0.0
0.0
0.0
0.0
0.0
0.0
0.0
1.0
1.0
1.0
1.0
1.0
1.0
1.0
1.0
1.0
1.0
1.0
1.0
1.0
2.0
2.0
1.0
1.0
1.0
1.0
1.0
1.0
1.0
1.0
1.0
2.0
2.0
2.0
2.0
2.0
2.0
2.0
2.0
2.0
2.0
2.0
2.0
2.0
2.0
3.0
3.0
3.0
3.0
3.0
3.0
3.0
3.0
3.0
3.0
3.0
3.0
3.0
3.0
3.0
3.0
3.0
3.0
3.0
3.0
3.0
3.0
3.0
3.0
3.0
3.0
3.0
4.0
9.0
39.0
68.0
115.0
137.0
164.0
183.0
195.0
198.0
189.0
173.0
143.0
102.0
71.0
47.0
31.0
24.0
19.0
16.0
12.0
11.0
10.0
10.0
10.0
11.0
11.0
11.0
11.0
12.0
12.0
12.0
15.0
21.0
59.0
94.0
129.0
160.0
181.0
194.0
197.0
192.0
173.0
143.0
101.0
59.0
42.0
29.0
23.0
20.0
18.0
27.0
56.0
86.0
118.0
145.0
169.0
189.0
204.0
212.0
214.0
212.0
206.0
192.0
171.0
142.0
105.0
69.0
42.0
32.0
