0.0
0.0
0.0
0.0
0.0
0.0
0.0
0.0
0.0
0.0
0.0
0.0
0.0
0.0
0.0
0.0
0.0
0.0
0.0
0.0
0.0
0.0
0.0
0.0
0.0
0.0
0.0
0.0
0.0
0.0
0.0
0.0
0.0
0.0
0.0
0.0
0.0
0.0
0.0
0.0
0.0
0.0
0.0
0.0
0.0
0.0
0.0
0.0
0.0
1.0
1.0
1.0
1.0
1.0
1.0
1.0
1.0
1.0
1.0
1.0
1.0
1.0
1.0
1.0
1.0
1.0
1.0
2.0
2.0
2.0
2.0
2.0
2.0
2.0
2.0
2.0
2.0
2.0
2.0
2.0
2.0
2.0
2.0
2.0
2.0
2.0
16.0
49.0
89.0
125.0
155.0
174.0
171.0
132.0
73.0
55.0
31.0
22.0
15.0
12.0
7.0
8.0
8.0
7.0
7.0
7.0
7.0
5.0
7.0
7.0
8.0
10.0
11.0
30.0
80.0
112.0
148.0
177.0
192.0
203.0
203.0
192.0
170.0
121.0
78.0
55.0
38.0
