8.0
8.0
8.0
8.0
8.0
8.0
8.0
8.0
8.0
8.0
8.0
8.0
8.0
8.0
8.0
8.0
8.0
8.0
8.0
8.0
8.0
8.0
8.0
8.0
8.0
8.0
8.0
8.0
8.0
8.0
8.0
8.0
8.0
8.0
8.0
0.0
0.0
1.0
5.0
4.0
5.0
7.0
8.0
10.0
10.0
11.0
11.0
9.0
9.0
10.0
9.0
10.0
11.0
13.0
15.0
14.0
15.0
15.0
16.0
18.0
18.0
19.0
18.0
19.0
18.0
17.0
17.0
18.0
19.0
19.0
21.0
23.0
23.0
25.0
27.0
29.0
33.0
51.0
124.0
207.0
280.0
308.0
329.0
301.0
220.0
157.0
117.0
91.0
68.0
53.0
46.0
43.0
43.0
41.0
41.0
40.0
40.0
41.0
42.0
43.0
44.0
43.0
45.0
46.0
67.0
113.0
185.0
261.0
304.0
331.0
347.0
328.0
243.0
165.0
123.0
93.0
77.0
68.0
72.0
124.0
192.0
251.0
286.0
326.0
343.0
326.0
265.0
208.0
153.0
116.0
92.0
75.0
64.0
61.0
84.0
145.0
196.0
273.0
301.0
330.0
342.0
346.0
331.0
267.0
176.0
131.0
100.0
81.0
66.0
56.0
52.0
48.0
46.0
45.0
44.0
43.0
40.0
34.0
33.0
30.0
