13.0
13.0
13.0
13.0
13.0
13.0
13.0
13.0
13.0
13.0
13.0
13.0
13.0
13.0
13.0
13.0
13.0
13.0
13.0
13.0
13.0
13.0
13.0
13.0
13.0
13.0
13.0
13.0
13.0
13.0
13.0
13.0
13.0
13.0
13.0
13.0
0.0
3.0
6.0
5.0
8.0
10.0
12.0
12.0
11.0
12.0
11.0
14.0
13.0
12.0
10.0
12.0
11.0
12.0
13.0
13.0
13.0
14.0
15.0
14.0
16.0
15.0
16.0
17.0
17.0
18.0
21.0
21.0
24.0
27.0
29.0
75.0
163.0
252.0
298.0
325.0
347.0
327.0
248.0
174.0
125.0
93.0
73.0
56.0
44.0
39.0
36.0
34.0
35.0
33.0
33.0
32.0
33.0
34.0
35.0
36.0
65.0
159.0
218.0
272.0
309.0
331.0
338.0
302.0
226.0
163.0
122.0
93.0
69.0
59.0
51.0
65.0
119.0
192.0
271.0
307.0
336.0
348.0
347.0
281.0
202.0
148.0
122.0
95.0
70.0
60.0
55.0
80.0
129.0
222.0
275.0
313.0
340.0
339.0
325.0
229.0
164.0
130.0
99.0
71.0
58.0
49.0
45.0
42.0
42.0
39.0
40.0
40.0
39.0
39.0
38.0
37.0
35.0
33.0
30.0
