9.0
9.0
9.0
9.0
9.0
9.0
9.0
9.0
9.0
9.0
9.0
9.0
9.0
9.0
9.0
9.0
9.0
9.0
9.0
9.0
9.0
9.0
9.0
9.0
9.0
9.0
9.0
9.0
9.0
9.0
9.0
9.0
9.0
9.0
9.0
0.0
1.0
4.0
2.0
4.0
5.0
5.0
5.0
4.0
7.0
6.0
6.0
6.0
5.0
4.0
4.0
6.0
6.0
6.0
6.0
8.0
7.0
6.0
8.0
9.0
8.0
10.0
11.0
11.0
12.0
11.0
12.0
14.0
15.0
14.0
17.0
18.0
19.0
19.0
18.0
20.0
19.0
22.0
25.0
27.0
32.0
33.0
33.0
35.0
34.0
37.0
36.0
34.0
35.0
35.0
35.0
37.0
36.0
35.0
36.0
37.0
40.0
39.0
40.0
44.0
51.0
190.0
310.0
384.0
452.0
448.0
369.0
287.0
210.0
159.0
110.0
87.0
76.0
68.0
62.0
61.0
59.0
60.0
58.0
55.0
56.0
58.0
57.0
57.0
57.0
60.0
62.0
61.0
64.0
119.0
262.0
347.0
439.0
487.0
493.0
496.0
448.0
351.0
274.0
189.0
146.0
105.0
89.0
81.0
79.0
139.0
219.0
296.0
378.0
474.0
507.0
534.0
507.0
448.0
345.0
269.0
198.0
153.0
114.0
95.0
80.0
83.0
148.0
239.0
322.0
402.0
486.0
483.0
433.0
306.0
241.0
180.0
140.0
111.0
86.0
77.0
67.0
66.0
60.0
59.0
58.0
57.0
54.0
54.0
52.0
54.0
54.0
52.0
49.0
47.0
43.0
42.0
39.0
36.0
32.0
