4.0
4.0
4.0
4.0
4.0
4.0
4.0
4.0
4.0
4.0
4.0
4.0
4.0
4.0
4.0
4.0
4.0
4.0
4.0
4.0
4.0
4.0
4.0
4.0
4.0
4.0
4.0
4.0
4.0
4.0
4.0
4.0
4.0
3.0
1.0
1.0
5.0
3.0
3.0
4.0
3.0
4.0
7.0
6.0
5.0
6.0
6.0
7.0
5.0
5.0
8.0
10.0
9.0
11.0
11.0
12.0
11.0
10.0
10.0
11.0
13.0
13.0
14.0
14.0
14.0
16.0
16.0
16.0
17.0
18.0
18.0
16.0
17.0
19.0
22.0
24.0
22.0
23.0
23.0
25.0
26.0
25.0
24.0
25.0
28.0
28.0
27.0
28.0
29.0
29.0
33.0
35.0
36.0
38.0
42.0
46.0
100.0
244.0
405.0
459.0
476.0
393.0
277.0
201.0
161.0
124.0
93.0
74.0
63.0
57.0
55.0
54.0
54.0
56.0
99.0
238.0
347.0
416.0
446.0
406.0
293.0
195.0
148.0
117.0
100.0
208.0
260.0
386.0
414.0
402.0
317.0
230.0
173.0
133.0
108.0
158.0
254.0
362.0
433.0
456.0
427.0
365.0
263.0
178.0
135.0
106.0
78.0
67.0
61.0
56.0
55.0
51.0
49.0
47.0
44.0
39.0
38.0
34.0
