10.0
10.0
10.0
10.0
10.0
10.0
10.0
10.0
10.0
10.0
10.0
10.0
10.0
10.0
10.0
10.0
10.0
10.0
10.0
10.0
10.0
10.0
10.0
10.0
10.0
10.0
10.0
10.0
10.0
10.0
10.0
10.0
10.0
10.0
10.0
10.0
0.0
0.0
0.0
4.0
3.0
3.0
2.0
3.0
3.0
3.0
3.0
4.0
4.0
3.0
3.0
2.0
2.0
3.0
4.0
4.0
6.0
6.0
5.0
4.0
4.0
4.0
2.0
2.0
3.0
4.0
4.0
4.0
3.0
4.0
6.0
4.0
4.0
4.0
5.0
4.0
4.0
5.0
5.0
6.0
5.0
6.0
5.0
6.0
5.0
6.0
5.0
5.0
5.0
4.0
5.0
5.0
4.0
4.0
7.0
7.0
8.0
8.0
6.0
7.0
7.0
8.0
7.0
6.0
9.0
9.0
10.0
10.0
10.0
10.0
10.0
11.0
10.0
11.0
10.0
11.0
12.0
13.0
14.0
13.0
13.0
14.0
15.0
15.0
14.0
15.0
16.0
18.0
18.0
18.0
18.0
19.0
19.0
20.0
19.0
22.0
22.0
21.0
22.0
22.0
21.0
21.0
23.0
24.0
24.0
26.0
27.0
26.0
26.0
28.0
29.0
29.0
30.0
29.0
30.0
30.0
33.0
33.0
34.0
36.0
34.0
35.0
35.0
35.0
34.0
31.0
31.0
30.0
30.0
31.0
32.0
33.0
32.0
32.0
33.0
33.0
34.0
33.0
35.0
35.0
36.0
37.0
39.0
38.0
36.0
36.0
35.0
36.0
33.0
33.0
32.0
32.0
31.0
34.0
33.0
34.0
34.0
35.0
36.0
36.0
36.0
36.0
37.0
36.0
38.0
37.0
40.0
42.0
44.0
46.0
44.0
46.0
49.0
51.0
55.0
56.0
121.0
246.0
303.0
368.0
432.0
452.0
438.0
400.0
276.0
201.0
162.0
122.0
104.0
84.0
73.0
68.0
63.0
58.0
59.0
55.0
58.0
57.0
58.0
57.0
57.0
60.0
58.0
58.0
58.0
57.0
60.0
61.0
78.0
199.0
247.0
329.0
390.0
437.0
446.0
448.0
390.0
319.0
232.0
164.0
131.0
106.0
90.0
81.0
79.0
115.0
193.0
265.0
321.0
384.0
428.0
462.0
462.0
449.0
430.0
390.0
304.0
224.0
169.0
133.0
115.0
94.0
84.0
76.0
98.0
177.0
276.0
335.0
401.0
443.0
460.0
452.0
450.0
388.0
294.0
201.0
155.0
114.0
92.0
79.0
69.0
64.0
63.0
60.0
60.0
58.0
58.0
56.0
55.0
55.0
58.0
56.0
56.0
52.0
49.0
49.0
44.0
40.0
39.0
34.0
