0.0
0.0
0.0
0.0
0.0
0.0
0.0
0.0
0.0
0.0
0.0
0.0
0.0
0.0
0.0
0.0
0.0
0.0
0.0
0.0
0.0
0.0
0.0
0.0
0.0
0.0
0.0
0.0
0.0
0.0
0.0
0.0
0.0
0.0
0.0
0.0
0.0
0.0
0.0
0.0
0.0
0.0
0.0
0.0
0.0
0.0
0.0
0.0
0.0
0.0
0.0
0.0
0.0
0.0
0.0
0.0
0.0
0.0
0.0
0.0
0.0
0.0
0.0
0.0
0.0
0.0
0.0
0.0
0.0
0.0
0.0
0.0
0.0
0.0
0.0
0.0
0.0
0.0
0.0
0.0
0.0
0.0
0.0
0.0
0.0
0.0
0.0
0.0
0.0
0.0
0.0
0.0
0.0
0.0
0.0
0.0
0.0
0.0
0.0
0.0
0.0
0.0
0.0
0.0
0.0
0.0
0.0
0.0
0.0
0.0
0.0
0.0
0.0
0.0
0.0
0.0
0.0
0.0
0.0
0.0
0.0
0.0
0.0
0.0
0.0
0.0
0.0
0.0
0.0
0.0
0.0
0.0
0.0
0.0
0.0
0.0
0.0
0.0
0.0
0.0
0.0
0.0
0.0
0.0
0.0
0.0
0.0
0.0
0.0
0.0
0.0
0.0
0.0
0.0
0.0
0.0
0.0
0.0
0.0
0.0
0.0
0.0
0.0
0.0
0.0
0.0
0.0
0.0
0.0
0.0
0.0
0.0
0.0
0.0
0.0
0.0
0.0
0.0
0.0
0.0
0.0
0.0
0.0
0.0
0.0
0.0
0.0
0.0
0.0
0.0
0.0
0.0
0.0
0.0
0.0
0.0
0.0
0.0
0.0
0.0
0.0
0.0
0.0
0.0
0.0
0.0
0.0
0.0
0.0
0.0
0.0
0.0
0.0
0.0
0.0
0.0
0.0
0.0
0.0
0.0
0.0
0.0
0.0
0.0
0.0
0.0
0.0
0.0
0.0
0.0
0.0
0.0
0.0
0.0
0.0
0.0
0.0
0.0
0.0
0.0
0.0
0.0
0.0
0.0
0.0
5.0
15.0
22.0
26.0
26.0
26.0
27.0
27.0
26.0
27.0
27.0
27.0
27.0
27.0
22.0
21.0
19.0
18.0
16.0
15.0
14.0
15.0
15.0
17.0
22.0
27.0
27.0
27.0
27.0
27.0
27.0
27.0
27.0
27.0
27.0
27.0
27.0
27.0
27.0
27.0
27.0
27.0
27.0
27.0
27.0
27.0
27.0
27.0
27.0
27.0
27.0
27.0
27.0
27.0
27.0
25.0
24.0
24.0
24.0
24.0
24.0
24.0
24.0
25.0
26.0
26.0
27.0
27.0
27.0
27.0
27.0
27.0
27.0
27.0
27.0
27.0
27.0
27.0
27.0
27.0
27.0
27.0
27.0
27.0
27.0
27.0
27.0
27.0
27.0
27.0
27.0
27.0
27.0
27.0
26.0
26.0
26.0
26.0
26.0
25.0
20.0
18.0
19.0
18.0
18.0
18.0
16.0
16.0
17.0
17.0
16.0
16.0
17.0
18.0
18.0
15.0
13.0
10.0
10.0
8.0
7.0
7.0
5.0
4.0
4.0
4.0
4.0
4.0
4.0
4.0
5.0
5.0
7.0
12.0
12.0
13.0
14.0
17.0
19.0
20.0
21.0
22.0
23.0
24.0
24.0
25.0
25.0
25.0
27.0
27.0
27.0
27.0
27.0
26.0
25.0
24.0
22.0
23.0
23.0
23.0
24.0
25.0
27.0
27.0
27.0
27.0
27.0
27.0
27.0
27.0
27.0
27.0
27.0
27.0
27.0
27.0
27.0
27.0
27.0
27.0
25.0
17.0
8.0
1.0
10.0
16.0
17.0
8.0
1.0
0.0
8.0
24.0
40.0
54.0
59.0
62.0
67.0
68.0
71.0
71.0
70.0
69.0
68.0
69.0
69.0
69.0
70.0
68.0
65.0
64.0
65.0
67.0
65.0
60.0
60.0
59.0
59.0
59.0
59.0
59.0
59.0
59.0
59.0
59.0
59.0
59.0
59.0
59.0
59.0
59.0
59.0
59.0
59.0
59.0
59.0
59.0
59.0
59.0
59.0
59.0
59.0
59.0
59.0
59.0
59.0
59.0
59.0
59.0
59.0
59.0
59.0
59.0
59.0
59.0
59.0
59.0
59.0
59.0
59.0
59.0
59.0
59.0
59.0
59.0
59.0
59.0
59.0
59.0
59.0
59.0
59.0
59.0
59.0
59.0
59.0
59.0
59.0
59.0
59.0
59.0
59.0
59.0
59.0
59.0
59.0
59.0
59.0
59.0
59.0
59.0
59.0
59.0
59.0
59.0
59.0
59.0
59.0
59.0
59.0
59.0
59.0
59.0
59.0
59.0
59.0
59.0
59.0
59.0
59.0
59.0
59.0
59.0
59.0
59.0
59.0
59.0
59.0
59.0
59.0
59.0
59.0
59.0
59.0
59.0
59.0
59.0
59.0
59.0
59.0
59.0
59.0
59.0
59.0
59.0
59.0
59.0
59.0
59.0
59.0
59.0
59.0
59.0
59.0
59.0
59.0
59.0
59.0
59.0
59.0
59.0
59.0
59.0
59.0
59.0
59.0
59.0
59.0
59.0
59.0
59.0
59.0
59.0
59.0
59.0
59.0
59.0
59.0
59.0
59.0
59.0
59.0
59.0
59.0
59.0
59.0
59.0
59.0
59.0
59.0
59.0
59.0
59.0
59.0
59.0
59.0
59.0
59.0
59.0
59.0
59.0
59.0
59.0
59.0
59.0
59.0
59.0
59.0
59.0
59.0
59.0
59.0
59.0
59.0
59.0
59.0
59.0
59.0
59.0
59.0
59.0
59.0
59.0
59.0
59.0
59.0
59.0
59.0
59.0
59.0
59.0
59.0
59.0
59.0
59.0
59.0
59.0
59.0
59.0
59.0
59.0
59.0
59.0
59.0
59.0
59.0
59.0
59.0
59.0
59.0
59.0
59.0
59.0
59.0
59.0
59.0
59.0
59.0
59.0
59.0
59.0
59.0
59.0
59.0
59.0
59.0
59.0
59.0
59.0
59.0
59.0
59.0
59.0
59.0
59.0
59.0
59.0
59.0
59.0
59.0
59.0
59.0
59.0
59.0
59.0
59.0
59.0
59.0
59.0
59.0
59.0
59.0
59.0
59.0
59.0
59.0
59.0
59.0
59.0
59.0
59.0
59.0
59.0
59.0
59.0
59.0
59.0
59.0
59.0
59.0
59.0
59.0
59.0
59.0
59.0
59.0
59.0
59.0
59.0
59.0
59.0
59.0
59.0
59.0
59.0
59.0
59.0
59.0
59.0
59.0
59.0
59.0
59.0
59.0
59.0
59.0
59.0
59.0
59.0
59.0
59.0
59.0
59.0
59.0
59.0
59.0
59.0
59.0
59.0
59.0
59.0
59.0
59.0
59.0
59.0
59.0
59.0
59.0
59.0
59.0
59.0
59.0
59.0
59.0
59.0
59.0
59.0
59.0
59.0
59.0
59.0
59.0
59.0
59.0
59.0
59.0
59.0
59.0
59.0
59.0
59.0
59.0
59.0
59.0
59.0
59.0
59.0
59.0
59.0
59.0
59.0
59.0
59.0
59.0
59.0
63.0
72.0
77.0
78.0
77.0
79.0
80.0
81.0
82.0
83.0
83.0
83.0
83.0
83.0
83.0
83.0
83.0
83.0
83.0
83.0
83.0
83.0
83.0
83.0
83.0
83.0
83.0
83.0
83.0
83.0
83.0
83.0
83.0
83.0
83.0
83.0
83.0
84.0
84.0
84.0
84.0
84.0
84.0
84.0
84.0
84.0
84.0
84.0
84.0
84.0
84.0
86.0
87.0
88.0
89.0
89.0
89.0
89.0
89.0
89.0
89.0
89.0
89.0
89.0
89.0
89.0
89.0
89.0
89.0
89.0
89.0
89.0
89.0
89.0
89.0
89.0
89.0
89.0
89.0
89.0
89.0
89.0
89.0
89.0
89.0
90.0
90.0
90.0
90.0
90.0
89.0
89.0
89.0
89.0
89.0
89.0
89.0
92.0
95.0
95.0
95.0
94.0
94.0
93.0
92.0
91.0
90.0
90.0
90.0
90.0
90.0
90.0
90.0
89.0
89.0
89.0
89.0
89.0
89.0
89.0
89.0
89.0
89.0
89.0
89.0
89.0
89.0
89.0
89.0
89.0
89.0
89.0
89.0
89.0
89.0
89.0
89.0
89.0
89.0
89.0
89.0
89.0
89.0
89.0
89.0
89.0
89.0
87.0
87.0
87.0
87.0
87.0
87.0
87.0
87.0
87.0
87.0
87.0
87.0
87.0
87.0
87.0
87.0
87.0
87.0
87.0
87.0
87.0
86.0
86.0
86.0
86.0
86.0
86.0
86.0
86.0
86.0
86.0
86.0
86.0
86.0
86.0
86.0
86.0
86.0
86.0
86.0
86.0
86.0
86.0
86.0
86.0
86.0
86.0
86.0
86.0
86.0
86.0
86.0
86.0
86.0
86.0
86.0
86.0
86.0
86.0
86.0
86.0
86.0
86.0
86.0
86.0
86.0
86.0
86.0
86.0
86.0
86.0
86.0
86.0
86.0
86.0
86.0
86.0
86.0
86.0
86.0
86.0
86.0
86.0
81.0
70.0
66.0
59.0
40.0
23.0
12.0
14.0
24.0
36.0
34.0
29.0
28.0
27.0
31.0
41.0
43.0
41.0
47.0
67.0
89.0
99.0
103.0
107.0
110.0
110.0
110.0
110.0
110.0
110.0
110.0
110.0
110.0
110.0
110.0
110.0
110.0
110.0
110.0
110.0
110.0
110.0
110.0
110.0
110.0
110.0
110.0
110.0
110.0
110.0
110.0
110.0
110.0
110.0
110.0
110.0
110.0
110.0
110.0
110.0
110.0
110.0
110.0
110.0
110.0
110.0
110.0
110.0
110.0
110.0
110.0
110.0
110.0
110.0
110.0
110.0
110.0
110.0
110.0
110.0
110.0
110.0
110.0
111.0
111.0
111.0
111.0
111.0
111.0
111.0
111.0
111.0
111.0
111.0
111.0
111.0
111.0
111.0
111.0
111.0
111.0
111.0
111.0
111.0
111.0
111.0
111.0
111.0
111.0
111.0
111.0
111.0
111.0
111.0
111.0
111.0
111.0
111.0
111.0
110.0
107.0
102.0
97.0
91.0
89.0
88.0
86.0
86.0
86.0
86.0
86.0
86.0
86.0
86.0
86.0
86.0
86.0
86.0
86.0
86.0
86.0
86.0
86.0
86.0
86.0
86.0
86.0
86.0
86.0
86.0
86.0
86.0
86.0
86.0
86.0
86.0
86.0
86.0
86.0
86.0
86.0
86.0
86.0
86.0
86.0
86.0
86.0
86.0
86.0
86.0
86.0
86.0
86.0
86.0
86.0
86.0
86.0
86.0
86.0
86.0
86.0
86.0
86.0
86.0
86.0
86.0
86.0
86.0
86.0
86.0
86.0
86.0
86.0
86.0
86.0
86.0
86.0
86.0
86.0
87.0
93.0
101.0
104.0
107.0
108.0
109.0
108.0
108.0
108.0
107.0
107.0
108.0
109.0
107.0
107.0
108.0
109.0
110.0
110.0
110.0
110.0
110.0
110.0
109.0
110.0
110.0
110.0
110.0
110.0
110.0
110.0
110.0
110.0
110.0
110.0
109.0
109.0
109.0
110.0
110.0
110.0
110.0
110.0
110.0
110.0
110.0
110.0
110.0
110.0
110.0
110.0
110.0
110.0
110.0
110.0
110.0
110.0
110.0
110.0
110.0
110.0
110.0
110.0
110.0
110.0
110.0
110.0
110.0
110.0
110.0
110.0
110.0
110.0
110.0
110.0
110.0
110.0
110.0
110.0
110.0
110.0
110.0
110.0
110.0
110.0
110.0
110.0
110.0
110.0
110.0
110.0
110.0
110.0
110.0
110.0
110.0
110.0
110.0
110.0
110.0
110.0
110.0
110.0
110.0
110.0
110.0
111.0
111.0
111.0
111.0
111.0
111.0
111.0
111.0
111.0
111.0
111.0
111.0
111.0
111.0
111.0
111.0
104.0
93.0
89.0
89.0
87.0
86.0
88.0
99.0
96.0
90.0
90.0
96.0
103.0
105.0
100.0
90.0
88.0
87.0
87.0
86.0
86.0
86.0
86.0
86.0
86.0
80.0
74.0
72.0
88.0
98.0
103.0
107.0
109.0
109.0
110.0
110.0
110.0
110.0
110.0
110.0
110.0
110.0
110.0
110.0
110.0
110.0
110.0
110.0
110.0
110.0
110.0
110.0
110.0
110.0
110.0
107.0
99.0
95.0
89.0
86.0
86.0
86.0
86.0
86.0
86.0
86.0
86.0
86.0
86.0
86.0
86.0
86.0
86.0
86.0
86.0
86.0
86.0
86.0
86.0
86.0
86.0
86.0
86.0
86.0
86.0
86.0
86.0
86.0
86.0
86.0
86.0
86.0
86.0
86.0
86.0
86.0
86.0
86.0
86.0
86.0
86.0
86.0
86.0
86.0
86.0
86.0
86.0
86.0
86.0
86.0
86.0
86.0
86.0
86.0
86.0
86.0
86.0
86.0
86.0
86.0
86.0
86.0
86.0
86.0
86.0
86.0
86.0
86.0
86.0
86.0
86.0
86.0
86.0
86.0
86.0
86.0
86.0
86.0
86.0
86.0
89.0
91.0
94.0
96.0
97.0
97.0
100.0
100.0
101.0
105.0
106.0
106.0
107.0
110.0
110.0
110.0
110.0
110.0
110.0
110.0
110.0
110.0
110.0
110.0
110.0
110.0
110.0
110.0
110.0
110.0
110.0
110.0
110.0
110.0
110.0
110.0
110.0
110.0
110.0
110.0
110.0
110.0
110.0
110.0
110.0
110.0
110.0
110.0
110.0
110.0
110.0
110.0
110.0
110.0
110.0
110.0
110.0
110.0
110.0
110.0
110.0
110.0
110.0
110.0
110.0
110.0
110.0
110.0
110.0
110.0
110.0
110.0
110.0
110.0
110.0
110.0
110.0
110.0
110.0
110.0
110.0
110.0
110.0
110.0
110.0
110.0
110.0
110.0
110.0
110.0
110.0
110.0
110.0
110.0
110.0
110.0
110.0
110.0
110.0
110.0
110.0
11